450449366780477460
776234658136064052
716218985275719680
598933082644545567
768175248234905631
566031938419294208
820418440854634538
843256602168655882
712446274498199622
835562410189258782
800901984215367731
826214186468114444
807375807361187960
733841460776140851
847605917159260160
833553731751772170
728772481468334111
800701849593839647
767179677298589707
852641047817093160
411901237563359252
663915841636532254
823641059891347457
450449366780477460
334790943402098688

