742535700058079404
789614189957611573
774401327789768725
389096201364176896
801512504182046760
662806342452379669
768555249106419722
829106289916379164
805834893904052235
838811826782732348
795437177718439937
740162014315544588
834666495111200831
485894714529415178
396396344220188682
818019873316667432
825118917135433728
364886217604464651
593887265424670731
521771910984368141
623145909387132950
535456233730080803
804550882900443167
617160827903934475
829103204708778014
415193966787428365
358068528768745473
820136612401905664
824080154291732543
764496834411757599
828164662410346507
702948452375593070
804203669658009600
711695291333738531
769299063317069826